t = 0.057;
g = -9.8;
K = 0.7931;
m = 1.2;
l = 0.5;
model